{
 "cells": [
  {
   "cell_type": "code",
   "execution_count": 6,
   "metadata": {},
   "outputs": [
    {
     "name": "stdout",
     "output_type": "stream",
     "text": [
      "\n",
      "'1' 단어를 포함하는 문장들 간의 Cosine 유사도:\n",
      "[[1.         0.37558995 0.34271422]\n",
      " [0.37558995 1.         0.25598136]\n",
      " [0.34271422 0.25598136 1.        ]]\n",
      "\n",
      "'2' 단어를 포함하는 문장들 간의 Cosine 유사도:\n",
      "[[1.         0.7425155  0.86356673 0.25774554]\n",
      " [0.7425155  1.         0.64121168 0.27156285]\n",
      " [0.86356673 0.64121168 1.         0.22258047]\n",
      " [0.25774554 0.27156285 0.22258047 1.        ]]\n",
      "\n",
      "'3' 단어를 포함하는 문장들 간의 Cosine 유사도:\n",
      "[[1.         0.20089483 0.21806414 0.72555253]\n",
      " [0.20089483 1.         0.60513016 0.21450152]\n",
      " [0.21806414 0.60513016 1.         0.1087349 ]\n",
      " [0.72555253 0.21450152 0.1087349  1.        ]]\n",
      "\n",
      "'4' 단어를 포함하는 문장들 간의 Cosine 유사도:\n",
      "[[1.         0.05959305 0.05407547]\n",
      " [0.05959305 1.         0.51816758]\n",
      " [0.05407547 0.51816758 1.        ]]\n",
      "\n",
      "'5' 단어를 포함하는 문장들 간의 Cosine 유사도:\n",
      "[[1.        0.1025602 0.094965 ]\n",
      " [0.1025602 1.        0.4638386]\n",
      " [0.094965  0.4638386 1.       ]]\n",
      "\n",
      "'6' 단어를 포함하는 문장들 간의 Cosine 유사도:\n",
      "[[1.         0.89553242]\n",
      " [0.89553242 1.        ]]\n",
      "\n",
      "'7' 단어를 포함하는 문장들 간의 Cosine 유사도:\n",
      "[[1.         0.33611505 0.21122665 0.34926886]\n",
      " [0.33611505 1.         0.31497373 0.71004096]\n",
      " [0.21122665 0.31497373 1.         0.45181575]\n",
      " [0.34926886 0.71004096 0.45181575 1.        ]]\n",
      "\n",
      "'8' 단어를 포함하는 문장들 간의 Cosine 유사도:\n",
      "[[1.         0.87446714 0.50183446]\n",
      " [0.87446714 1.         0.57387458]\n",
      " [0.50183446 0.57387458 1.        ]]\n",
      "\n",
      "'9' 단어를 포함하는 문장들 간의 Cosine 유사도:\n",
      "[[1.         0.12691069 0.37819193]\n",
      " [0.12691069 1.         0.12691069]\n",
      " [0.37819193 0.12691069 1.        ]]\n",
      "\n",
      "'10' 단어를 포함하는 문장들 간의 Cosine 유사도:\n",
      "[[1.         0.81084547 0.23304205]\n",
      " [0.81084547 1.         0.38072126]\n",
      " [0.23304205 0.38072126 1.        ]]\n",
      "\n",
      "'11' 단어를 포함하는 문장들 간의 Cosine 유사도:\n",
      "[[1.         0.14385706 0.14385706]\n",
      " [0.14385706 1.         0.36716357]\n",
      " [0.14385706 0.36716357 1.        ]]\n",
      "\n",
      "'12' 단어를 포함하는 문장들 간의 Cosine 유사도:\n",
      "[[1.         0.39604594 0.45750216 0.28106524]\n",
      " [0.39604594 1.         0.36638182 0.81027572]\n",
      " [0.45750216 0.36638182 1.         0.26001326]\n",
      " [0.28106524 0.81027572 0.26001326 1.        ]]\n",
      "\n",
      "'13' 단어를 포함하는 문장들 간의 Cosine 유사도:\n",
      "[[1.         0.41685535]\n",
      " [0.41685535 1.        ]]\n",
      "\n",
      "'14' 단어를 포함하는 문장들 간의 Cosine 유사도:\n",
      "[[1.         0.7281282  0.85300742]\n",
      " [0.7281282  1.         0.62109876]\n",
      " [0.85300742 0.62109876 1.        ]]\n",
      "\n",
      "'15' 단어를 포함하는 문장들 간의 Cosine 유사도:\n",
      "[[1.         0.12944176 0.325953   0.22792942]\n",
      " [0.12944176 1.         0.24742882 0.39950456]\n",
      " [0.325953   0.24742882 1.         0.14051552]\n",
      " [0.22792942 0.39950456 0.14051552 1.        ]]\n",
      "\n",
      "'16' 단어를 포함하는 문장들 간의 Cosine 유사도:\n",
      "[[1.         0.75735432 0.5874301 ]\n",
      " [0.75735432 1.         0.77563445]\n",
      " [0.5874301  0.77563445 1.        ]]\n",
      "\n",
      "'17' 단어를 포함하는 문장들 간의 Cosine 유사도:\n",
      "[[1.         0.10393893 0.15545828 0.18121608]\n",
      " [0.10393893 1.         0.08404624 0.09797182]\n",
      " [0.15545828 0.08404624 1.         0.24220529]\n",
      " [0.18121608 0.09797182 0.24220529 1.        ]]\n",
      "\n",
      "'18' 단어를 포함하는 문장들 간의 Cosine 유사도:\n",
      "[[1.         0.66423314 0.37740593 0.20691269]\n",
      " [0.66423314 1.         0.23198956 0.19976797]\n",
      " [0.37740593 0.23198956 1.         0.50795955]\n",
      " [0.20691269 0.19976797 0.50795955 1.        ]]\n",
      "\n",
      "'19' 단어를 포함하는 문장들 간의 Cosine 유사도:\n",
      "[[1.         0.27743147 0.17167758]\n",
      " [0.27743147 1.         0.27743147]\n",
      " [0.17167758 0.27743147 1.        ]]\n",
      "\n",
      "'20' 단어를 포함하는 문장들 간의 Cosine 유사도:\n",
      "[[1.         0.18212743 0.24795787]\n",
      " [0.18212743 1.         0.1687964 ]\n",
      " [0.24795787 0.1687964  1.        ]]\n",
      "\n",
      "'21' 단어를 포함하는 문장들 간의 Cosine 유사도:\n",
      "[[1.         0.10534485 0.13553957]\n",
      " [0.10534485 1.         0.15754233]\n",
      " [0.13553957 0.15754233 1.        ]]\n",
      "\n",
      "'22' 단어를 포함하는 문장들 간의 Cosine 유사도:\n",
      "[[1.         0.39259779 0.35548819]\n",
      " [0.39259779 1.         0.39259779]\n",
      " [0.35548819 0.39259779 1.        ]]\n",
      "\n",
      "'23' 단어를 포함하는 문장들 간의 Cosine 유사도:\n",
      "[[1.         0.17032555 0.17032555]\n",
      " [0.17032555 1.         0.82257342]\n",
      " [0.17032555 0.82257342 1.        ]]\n",
      "\n",
      "'24' 단어를 포함하는 문장들 간의 Cosine 유사도:\n",
      "[[1.         0.19746811 0.16477731 0.30345834]\n",
      " [0.19746811 1.         0.4601411  0.2767443 ]\n",
      " [0.16477731 0.4601411  1.         0.24742118]\n",
      " [0.30345834 0.2767443  0.24742118 1.        ]]\n",
      "\n",
      "'25' 단어를 포함하는 문장들 간의 Cosine 유사도:\n",
      "[[1.         0.16991659 0.0861772  0.07935218]\n",
      " [0.16991659 1.         0.15728458 0.14482804]\n",
      " [0.0861772  0.15728458 1.         0.25997584]\n",
      " [0.07935218 0.14482804 0.25997584 1.        ]]\n",
      "\n",
      "'26' 단어를 포함하는 문장들 간의 Cosine 유사도:\n",
      "[[1.         0.12911622 0.04707282]\n",
      " [0.12911622 1.         0.13812164]\n",
      " [0.04707282 0.13812164 1.        ]]\n",
      "\n",
      "'27' 단어를 포함하는 문장들 간의 Cosine 유사도:\n",
      "[[1.         0.12812769 0.40055292 0.09877738]\n",
      " [0.12812769 1.         0.03788721 0.03497503]\n",
      " [0.40055292 0.03788721 1.         0.09587918]\n",
      " [0.09877738 0.03497503 0.09587918 1.        ]]\n",
      "\n",
      "'28' 단어를 포함하는 문장들 간의 Cosine 유사도:\n",
      "[[1.         0.12993255 0.17536099 0.21764474]\n",
      " [0.12993255 1.         0.11851605 0.27765438]\n",
      " [0.17536099 0.11851605 1.         0.19852142]\n",
      " [0.21764474 0.27765438 0.19852142 1.        ]]\n",
      "\n",
      "'29' 단어를 포함하는 문장들 간의 Cosine 유사도:\n",
      "[[1.         0.34004233 0.66345919]\n",
      " [0.34004233 1.         0.30337367]\n",
      " [0.66345919 0.30337367 1.        ]]\n",
      "\n",
      "'30' 단어를 포함하는 문장들 간의 Cosine 유사도:\n",
      "[[1.         0.22978048 0.27647019 0.19248354]\n",
      " [0.22978048 1.         0.22777525 0.36233527]\n",
      " [0.27647019 0.22777525 1.         0.43595913]\n",
      " [0.19248354 0.36233527 0.43595913 1.        ]]\n",
      "\n",
      "'31' 단어를 포함하는 문장들 간의 Cosine 유사도:\n",
      "[[1.         0.23099372 0.23099372 0.89534027]\n",
      " [0.23099372 1.         0.07834197 0.20681798]\n",
      " [0.23099372 0.07834197 1.         0.20681798]\n",
      " [0.89534027 0.20681798 0.20681798 1.        ]]\n",
      "\n",
      "'32' 단어를 포함하는 문장들 간의 Cosine 유사도:\n",
      "[[1.         0.30813218 0.36209365]\n",
      " [0.30813218 1.         0.28116108]\n",
      " [0.36209365 0.28116108 1.        ]]\n",
      "\n",
      "'33' 단어를 포함하는 문장들 간의 Cosine 유사도:\n",
      "[[1.         0.45695178 0.24037159 0.12788481]\n",
      " [0.45695178 1.         0.42168063 0.04826894]\n",
      " [0.24037159 0.42168063 1.         0.11801365]\n",
      " [0.12788481 0.04826894 0.11801365 1.        ]]\n",
      "\n",
      "'34' 단어를 포함하는 문장들 간의 Cosine 유사도:\n",
      "[[1.         0.20867653 0.24103733 0.20867653]\n",
      " [0.20867653 1.         0.28157217 0.35237495]\n",
      " [0.24103733 0.28157217 1.         0.28157217]\n",
      " [0.20867653 0.35237495 0.28157217 1.        ]]\n",
      "\n",
      "'35' 단어를 포함하는 문장들 간의 Cosine 유사도:\n",
      "[[1.         0.03962676 0.1585937  0.27126783]\n",
      " [0.03962676 1.         0.26988238 0.27928015]\n",
      " [0.1585937  0.26988238 1.         0.49198015]\n",
      " [0.27126783 0.27928015 0.49198015 1.        ]]\n",
      "\n",
      "'36' 단어를 포함하는 문장들 간의 Cosine 유사도:\n",
      "[[1.         0.17633985 0.17633985]\n",
      " [0.17633985 1.         0.35517995]\n",
      " [0.17633985 0.35517995 1.        ]]\n",
      "\n",
      "'37' 단어를 포함하는 문장들 간의 Cosine 유사도:\n",
      "[[1.         0.13351493 0.0452227 ]\n",
      " [0.13351493 1.         0.22280668]\n",
      " [0.0452227  0.22280668 1.        ]]\n",
      "\n",
      "'38' 단어를 포함하는 문장들 간의 Cosine 유사도:\n",
      "[[1.         0.44326147 0.51381961 0.23500322]\n",
      " [0.44326147 1.         0.26240547 0.14069402]\n",
      " [0.51381961 0.26240547 1.         0.2027293 ]\n",
      " [0.23500322 0.14069402 0.2027293  1.        ]]\n",
      "\n",
      "'39' 단어를 포함하는 문장들 간의 Cosine 유사도:\n",
      "[[1.         0.08637986 0.08637986 0.07283122]\n",
      " [0.08637986 1.         0.78506643 0.09869986]\n",
      " [0.08637986 0.78506643 1.         0.09869986]\n",
      " [0.07283122 0.09869986 0.09869986 1.        ]]\n",
      "\n",
      "'40' 단어를 포함하는 문장들 간의 Cosine 유사도:\n",
      "[[1.         0.13256698 0.632246   0.15922796]\n",
      " [0.13256698 1.         0.13256698 0.21232185]\n",
      " [0.632246   0.13256698 1.         0.15922796]\n",
      " [0.15922796 0.21232185 0.15922796 1.        ]]\n",
      "\n",
      "'42' 단어를 포함하는 문장들 간의 Cosine 유사도:\n",
      "[[1.]]\n",
      "\n",
      "'43' 단어를 포함하는 문장들 간의 Cosine 유사도:\n",
      "[[1.         0.18976728]\n",
      " [0.18976728 1.        ]]\n",
      "\n",
      "'44' 단어를 포함하는 문장들 간의 Cosine 유사도:\n",
      "[[1.         0.23877174 0.30600569 0.14573827]\n",
      " [0.23877174 1.         0.25209412 0.12006234]\n",
      " [0.30600569 0.25209412 1.         0.26360407]\n",
      " [0.14573827 0.12006234 0.26360407 1.        ]]\n",
      "\n",
      "'45' 단어를 포함하는 문장들 간의 Cosine 유사도:\n",
      "[[1.         0.62687124 0.18382087]\n",
      " [0.62687124 1.         0.18382087]\n",
      " [0.18382087 0.18382087 1.        ]]\n",
      "\n",
      "'46' 단어를 포함하는 문장들 간의 Cosine 유사도:\n",
      "[[1.         0.04654895 0.12758781]\n",
      " [0.04654895 1.         0.30335199]\n",
      " [0.12758781 0.30335199 1.        ]]\n",
      "\n",
      "'47' 단어를 포함하는 문장들 간의 Cosine 유사도:\n",
      "[[1.         0.17351754 0.24270584]\n",
      " [0.17351754 1.         0.09228574]\n",
      " [0.24270584 0.09228574 1.        ]]\n",
      "\n",
      "'48' 단어를 포함하는 문장들 간의 Cosine 유사도:\n",
      "[[1.         0.308595   0.11765452 0.21764474]\n",
      " [0.308595   1.         0.09705831 0.17954457]\n",
      " [0.11765452 0.09705831 1.         0.08910368]\n",
      " [0.21764474 0.17954457 0.08910368 1.        ]]\n",
      "\n",
      "'49' 단어를 포함하는 문장들 간의 Cosine 유사도:\n",
      "[[1.         0.09491545 0.09491545 0.07750777]\n",
      " [0.09491545 1.         0.60246533 0.08840168]\n",
      " [0.09491545 0.60246533 1.         0.08840168]\n",
      " [0.07750777 0.08840168 0.08840168 1.        ]]\n",
      "\n",
      "'50' 단어를 포함하는 문장들 간의 Cosine 유사도:\n",
      "[[1.         0.28932201 0.39654775 0.60390949]\n",
      " [0.28932201 1.         0.26823583 0.31093819]\n",
      " [0.39654775 0.26823583 1.         0.29245448]\n",
      " [0.60390949 0.31093819 0.29245448 1.        ]]\n",
      "\n",
      "'51' 단어를 포함하는 문장들 간의 Cosine 유사도:\n",
      "[[1.         0.21188231 0.27743577 0.4294256 ]\n",
      " [0.21188231 1.         0.19832111 0.22715216]\n",
      " [0.27743577 0.19832111 1.         0.55273619]\n",
      " [0.4294256  0.22715216 0.55273619 1.        ]]\n",
      "\n",
      "'52' 단어를 포함하는 문장들 간의 Cosine 유사도:\n",
      "[[1.         0.14444076 0.27501114 0.27501114]\n",
      " [0.14444076 1.         0.07862814 0.07862814]\n",
      " [0.27501114 0.07862814 1.         0.21376945]\n",
      " [0.27501114 0.07862814 0.21376945 1.        ]]\n",
      "\n",
      "'53' 단어를 포함하는 문장들 간의 Cosine 유사도:\n",
      "[[1.         0.48321233]\n",
      " [0.48321233 1.        ]]\n",
      "\n",
      "'54' 단어를 포함하는 문장들 간의 Cosine 유사도:\n",
      "[[1.         0.34443445 0.29372381 0.27440455]\n",
      " [0.34443445 1.         0.32570394 0.19575856]\n",
      " [0.29372381 0.32570394 1.         0.36724871]\n",
      " [0.27440455 0.19575856 0.36724871 1.        ]]\n",
      "\n",
      "'55' 단어를 포함하는 문장들 간의 Cosine 유사도:\n",
      "[[1.         0.10392455 0.10392455]\n",
      " [0.10392455 1.         0.31675948]\n",
      " [0.10392455 0.31675948 1.        ]]\n",
      "\n",
      "'56' 단어를 포함하는 문장들 간의 Cosine 유사도:\n",
      "[[1.         0.21405801 0.22051521]\n",
      " [0.21405801 1.         0.30972415]\n",
      " [0.22051521 0.30972415 1.        ]]\n",
      "\n",
      "'57' 단어를 포함하는 문장들 간의 Cosine 유사도:\n",
      "[[1.         0.31239796 0.19572451]\n",
      " [0.31239796 1.         0.27675407]\n",
      " [0.19572451 0.27675407 1.        ]]\n",
      "\n",
      "'58' 단어를 포함하는 문장들 간의 Cosine 유사도:\n",
      "[[1.         0.20127882 0.34141113]\n",
      " [0.20127882 1.         0.31779625]\n",
      " [0.34141113 0.31779625 1.        ]]\n",
      "\n",
      "'59' 단어를 포함하는 문장들 간의 Cosine 유사도:\n",
      "[[1.         0.30069751]\n",
      " [0.30069751 1.        ]]\n",
      "\n",
      "'60' 단어를 포함하는 문장들 간의 Cosine 유사도:\n",
      "[[1.]]\n",
      "\n",
      "'61' 단어를 포함하는 문장들 간의 Cosine 유사도:\n",
      "[[1.]]\n",
      "\n",
      "'62' 단어를 포함하는 문장들 간의 Cosine 유사도:\n",
      "[[1.         0.2071462  0.70230467]\n",
      " [0.2071462  1.         0.18729226]\n",
      " [0.70230467 0.18729226 1.        ]]\n",
      "\n",
      "'63' 단어를 포함하는 문장들 간의 Cosine 유사도:\n",
      "[[1.         0.42924109 0.21249091 0.10311137]\n",
      " [0.42924109 1.         0.12168393 0.2164199 ]\n",
      " [0.21249091 0.12168393 1.         0.0401477 ]\n",
      " [0.10311137 0.2164199  0.0401477  1.        ]]\n",
      "\n",
      "'64' 단어를 포함하는 문장들 간의 Cosine 유사도:\n",
      "[[1.         0.2033617  0.29162488 0.47095586]\n",
      " [0.2033617  1.         0.11263146 0.4432814 ]\n",
      " [0.29162488 0.11263146 1.         0.16678849]\n",
      " [0.47095586 0.4432814  0.16678849 1.        ]]\n",
      "\n",
      "'65' 단어를 포함하는 문장들 간의 Cosine 유사도:\n",
      "[[1.         0.39299774 0.18374082 0.        ]\n",
      " [0.39299774 1.         0.28567223 0.        ]\n",
      " [0.18374082 0.28567223 1.         0.        ]\n",
      " [0.         0.         0.         1.        ]]\n",
      "\n",
      "'66' 단어를 포함하는 문장들 간의 Cosine 유사도:\n",
      "[[1.         0.20517518 0.30034914]\n",
      " [0.20517518 1.         0.33123237]\n",
      " [0.30034914 0.33123237 1.        ]]\n",
      "\n",
      "'67' 단어를 포함하는 문장들 간의 Cosine 유사도:\n",
      "[[1.         0.14812149 0.38781136]\n",
      " [0.14812149 1.         0.16172984]\n",
      " [0.38781136 0.16172984 1.        ]]\n",
      "\n",
      "'68' 단어를 포함하는 문장들 간의 Cosine 유사도:\n",
      "[[1.         0.45953643 0.30784255]\n",
      " [0.45953643 1.         0.79981599]\n",
      " [0.30784255 0.79981599 1.        ]]\n",
      "\n",
      "'69' 단어를 포함하는 문장들 간의 Cosine 유사도:\n",
      "[[1.         0.41152867 0.12691069]\n",
      " [0.41152867 1.         0.13809757]\n",
      " [0.12691069 0.13809757 1.        ]]\n",
      "\n",
      "'70' 단어를 포함하는 문장들 간의 Cosine 유사도:\n",
      "[[1.         0.19879181 0.51091712 0.52977849]\n",
      " [0.19879181 1.         0.10339947 0.20422555]\n",
      " [0.51091712 0.10339947 1.         0.27416571]\n",
      " [0.52977849 0.20422555 0.27416571 1.        ]]\n",
      "\n",
      "'71' 단어를 포함하는 문장들 간의 Cosine 유사도:\n",
      "[[1.         0.15488458 0.12710477 0.18198466]\n",
      " [0.15488458 1.         0.25801268 0.26459856]\n",
      " [0.12710477 0.25801268 1.         0.30315704]\n",
      " [0.18198466 0.26459856 0.30315704 1.        ]]\n",
      "\n",
      "'72' 단어를 포함하는 문장들 간의 Cosine 유사도:\n",
      "[[1.         0.11769819 0.12797884 0.13968686]\n",
      " [0.11769819 1.         0.20111471 0.21951349]\n",
      " [0.12797884 0.20111471 1.         0.56558342]\n",
      " [0.13968686 0.21951349 0.56558342 1.        ]]\n",
      "\n",
      "'73' 단어를 포함하는 문장들 간의 Cosine 유사도:\n",
      "[[1.         0.32095467 0.17484357 0.22923139]\n",
      " [0.32095467 1.         0.28160442 0.19881649]\n",
      " [0.17484357 0.28160442 1.         0.13300459]\n",
      " [0.22923139 0.19881649 0.13300459 1.        ]]\n",
      "\n",
      "'74' 단어를 포함하는 문장들 간의 Cosine 유사도:\n",
      "[[1.         0.10037326 0.23968873]\n",
      " [0.10037326 1.         0.13938686]\n",
      " [0.23968873 0.13938686 1.        ]]\n",
      "\n",
      "'76' 단어를 포함하는 문장들 간의 Cosine 유사도:\n",
      "[[1.         0.27138389 0.39154812 0.53771136]\n",
      " [0.27138389 1.         0.4373392  0.60059605]\n",
      " [0.39154812 0.4373392  1.         0.7800809 ]\n",
      " [0.53771136 0.60059605 0.7800809  1.        ]]\n",
      "\n",
      "'77' 단어를 포함하는 문장들 간의 Cosine 유사도:\n",
      "[[1.         0.50034022 0.05238051 0.04830078]\n",
      " [0.50034022 1.         0.18047942 0.16642251]\n",
      " [0.05238051 0.18047942 1.         0.11035512]\n",
      " [0.04830078 0.16642251 0.11035512 1.        ]]\n",
      "\n",
      "'78' 단어를 포함하는 문장들 간의 Cosine 유사도:\n",
      "[[1.         0.10176157 0.10849782 0.10176157]\n",
      " [0.10176157 1.         0.11240115 0.22574098]\n",
      " [0.10849782 0.11240115 1.         0.11240115]\n",
      " [0.10176157 0.22574098 0.11240115 1.        ]]\n",
      "\n",
      "'79' 단어를 포함하는 문장들 간의 Cosine 유사도:\n",
      "[[1.         0.35124325 0.09393979 0.08854672]\n",
      " [0.35124325 1.         0.21898534 0.34118097]\n",
      " [0.09393979 0.21898534 1.         0.18121608]\n",
      " [0.08854672 0.34118097 0.18121608 1.        ]]\n",
      "\n",
      "'80' 단어를 포함하는 문장들 간의 Cosine 유사도:\n",
      "[[1.         0.2237933  0.13593332 0.11119237]\n",
      " [0.2237933  1.         0.10528468 0.24902761]\n",
      " [0.13593332 0.10528468 1.         0.16017378]\n",
      " [0.11119237 0.24902761 0.16017378 1.        ]]\n",
      "\n",
      "'81' 단어를 포함하는 문장들 간의 Cosine 유사도:\n",
      "[[1.         0.24378961 0.16274848 0.04131519]\n",
      " [0.24378961 1.         0.31455365 0.22830096]\n",
      " [0.16274848 0.31455365 1.         0.12358677]\n",
      " [0.04131519 0.22830096 0.12358677 1.        ]]\n",
      "\n",
      "'82' 단어를 포함하는 문장들 간의 Cosine 유사도:\n",
      "[[1.         0.21480682 0.1024637  0.04385799]\n",
      " [0.21480682 1.         0.17165898 0.03837923]\n",
      " [0.1024637  0.17165898 1.         0.03504831]\n",
      " [0.04385799 0.03837923 0.03504831 1.        ]]\n",
      "\n",
      "'83' 단어를 포함하는 문장들 간의 Cosine 유사도:\n",
      "[[1.         0.20604936 0.26578553 0.40714045]\n",
      " [0.20604936 1.         0.28809088 0.58523053]\n",
      " [0.26578553 0.28809088 1.         0.37495338]\n",
      " [0.40714045 0.58523053 0.37495338 1.        ]]\n",
      "\n",
      "'84' 단어를 포함하는 문장들 간의 Cosine 유사도:\n",
      "[[1.         0.34961408 0.13087687 0.2210577 ]\n",
      " [0.34961408 1.         0.14506859 0.18906889]\n",
      " [0.13087687 0.14506859 1.         0.17848122]\n",
      " [0.2210577  0.18906889 0.17848122 1.        ]]\n",
      "\n",
      "'85' 단어를 포함하는 문장들 간의 Cosine 유사도:\n",
      "[[1.         0.25504386 0.43883132 0.22067855]\n",
      " [0.25504386 1.         0.13946552 0.30525552]\n",
      " [0.43883132 0.13946552 1.         0.21248979]\n",
      " [0.22067855 0.30525552 0.21248979 1.        ]]\n",
      "\n",
      "'86' 단어를 포함하는 문장들 간의 Cosine 유사도:\n",
      "[[1.         0.09614197 0.09960078 0.31951527]\n",
      " [0.09614197 1.         0.10176157 0.09944787]\n",
      " [0.09960078 0.10176157 1.         0.22060843]\n",
      " [0.31951527 0.09944787 0.22060843 1.        ]]\n",
      "\n",
      "'87' 단어를 포함하는 문장들 간의 Cosine 유사도:\n",
      "[[1.         0.36561013 0.208584   0.208584  ]\n",
      " [0.36561013 1.         0.3164368  0.3164368 ]\n",
      " [0.208584   0.3164368  1.         0.75062677]\n",
      " [0.208584   0.3164368  0.75062677 1.        ]]\n",
      "\n",
      "'88' 단어를 포함하는 문장들 간의 Cosine 유사도:\n",
      "[[1.         0.12507514 0.22018592]\n",
      " [0.12507514 1.         0.1687964 ]\n",
      " [0.22018592 0.1687964  1.        ]]\n",
      "\n",
      "'89' 단어를 포함하는 문장들 간의 Cosine 유사도:\n",
      "[[1.         0.13553957 0.10534485]\n",
      " [0.13553957 1.         0.15754233]\n",
      " [0.10534485 0.15754233 1.        ]]\n",
      "\n",
      "'90' 단어를 포함하는 문장들 간의 Cosine 유사도:\n",
      "[[1.         0.28440426 0.2205702  0.30980307]\n",
      " [0.28440426 1.         0.1193995  0.23286019]\n",
      " [0.2205702  0.1193995  1.         0.13006251]\n",
      " [0.30980307 0.23286019 0.13006251 1.        ]]\n",
      "\n",
      "'91' 단어를 포함하는 문장들 간의 Cosine 유사도:\n",
      "[[1.         0.10671446 0.55402474 0.43187791]\n",
      " [0.10671446 1.         0.20547684 0.0982736 ]\n",
      " [0.55402474 0.20547684 1.         0.26649795]\n",
      " [0.43187791 0.0982736  0.26649795 1.        ]]\n",
      "\n",
      "'92' 단어를 포함하는 문장들 간의 Cosine 유사도:\n",
      "[[1.         0.41720127 0.17093382]\n",
      " [0.41720127 1.         0.35458396]\n",
      " [0.17093382 0.35458396 1.        ]]\n",
      "\n",
      "'93' 단어를 포함하는 문장들 간의 Cosine 유사도:\n",
      "[[1.         0.22906901 0.42413421 0.59903818]\n",
      " [0.22906901 1.         0.3197221  0.03777538]\n",
      " [0.42413421 0.3197221  1.         0.24842524]\n",
      " [0.59903818 0.03777538 0.24842524 1.        ]]\n",
      "\n",
      "'94' 단어를 포함하는 문장들 간의 Cosine 유사도:\n",
      "[[1.         0.69419432 0.53314236 0.18132501]\n",
      " [0.69419432 1.         0.43016681 0.22842256]\n",
      " [0.53314236 0.43016681 1.         0.12929727]\n",
      " [0.18132501 0.22842256 0.12929727 1.        ]]\n",
      "\n",
      "'95' 단어를 포함하는 문장들 간의 Cosine 유사도:\n",
      "[[1.         0.17372652 0.21937363 0.23497027]\n",
      " [0.17372652 1.         0.20945215 0.32128158]\n",
      " [0.21937363 0.20945215 1.         0.28329025]\n",
      " [0.23497027 0.32128158 0.28329025 1.        ]]\n",
      "\n",
      "'96' 단어를 포함하는 문장들 간의 Cosine 유사도:\n",
      "[[1.         0.24797809 0.24797809]\n",
      " [0.24797809 1.         0.09588367]\n",
      " [0.24797809 0.09588367 1.        ]]\n",
      "\n",
      "'97' 단어를 포함하는 문장들 간의 Cosine 유사도:\n",
      "[[1.         0.21197376 0.25923881 0.1124779 ]\n",
      " [0.21197376 1.         0.39398348 0.22698642]\n",
      " [0.25923881 0.39398348 1.         0.1501421 ]\n",
      " [0.1124779  0.22698642 0.1501421  1.        ]]\n",
      "\n",
      "'98' 단어를 포함하는 문장들 간의 Cosine 유사도:\n",
      "[[1.         0.29897179]\n",
      " [0.29897179 1.        ]]\n",
      "\n",
      "'99' 단어를 포함하는 문장들 간의 Cosine 유사도:\n",
      "[[1.         0.12920627 0.26483738 0.27415039]\n",
      " [0.12920627 1.         0.09133329 0.48578097]\n",
      " [0.26483738 0.09133329 1.         0.20119089]\n",
      " [0.27415039 0.48578097 0.20119089 1.        ]]\n",
      "\n",
      "'100' 단어를 포함하는 문장들 간의 Cosine 유사도:\n",
      "[[1.         0.29688397 0.15316396]\n",
      " [0.29688397 1.         0.20350593]\n",
      " [0.15316396 0.20350593 1.        ]]\n",
      "\n",
      "'101' 단어를 포함하는 문장들 간의 Cosine 유사도:\n",
      "[[1.         0.13246882 0.20881409 0.04198698]\n",
      " [0.13246882 1.         0.31143523 0.14577151]\n",
      " [0.20881409 0.31143523 1.         0.04128943]\n",
      " [0.04198698 0.14577151 0.04128943 1.        ]]\n",
      "\n",
      "'102' 단어를 포함하는 문장들 간의 Cosine 유사도:\n",
      "[[1.]]\n",
      "\n",
      "'103' 단어를 포함하는 문장들 간의 Cosine 유사도:\n",
      "[[1.         0.45261472 0.17497765]\n",
      " [0.45261472 1.         0.09279396]\n",
      " [0.17497765 0.09279396 1.        ]]\n",
      "\n",
      "'104' 단어를 포함하는 문장들 간의 Cosine 유사도:\n",
      "[[1.         0.19620987 0.25283726 0.53883967]\n",
      " [0.19620987 1.         0.23792471 0.26466505]\n",
      " [0.25283726 0.23792471 1.         0.34104903]\n",
      " [0.53883967 0.26466505 0.34104903 1.        ]]\n",
      "\n",
      "'105' 단어를 포함하는 문장들 간의 Cosine 유사도:\n",
      "[[1.         0.05073983 0.04371361 0.80007495]\n",
      " [0.05073983 1.         0.4127117  0.05073983]\n",
      " [0.04371361 0.4127117  1.         0.04371361]\n",
      " [0.80007495 0.05073983 0.04371361 1.        ]]\n",
      "\n",
      "'106' 단어를 포함하는 문장들 간의 Cosine 유사도:\n",
      "[[1.         0.32148208 0.19399295 0.46353802]\n",
      " [0.32148208 1.         0.15961387 0.17811198]\n",
      " [0.19399295 0.15961387 1.         0.18925541]\n",
      " [0.46353802 0.17811198 0.18925541 1.        ]]\n",
      "\n",
      "'107' 단어를 포함하는 문장들 간의 Cosine 유사도:\n",
      "[[1.         0.29850285 0.29850285]\n",
      " [0.29850285 1.         0.81503958]\n",
      " [0.29850285 0.81503958 1.        ]]\n",
      "\n",
      "'108' 단어를 포함하는 문장들 간의 Cosine 유사도:\n",
      "[[1.         0.25131165 0.45330829]\n",
      " [0.25131165 1.         0.45330829]\n",
      " [0.45330829 0.45330829 1.        ]]\n",
      "\n",
      "'110' 단어를 포함하는 문장들 간의 Cosine 유사도:\n",
      "[[1.         0.54739742 0.1667096 ]\n",
      " [0.54739742 1.         0.1769919 ]\n",
      " [0.1667096  0.1769919  1.        ]]\n",
      "\n",
      "'111' 단어를 포함하는 문장들 간의 Cosine 유사도:\n",
      "[[1.         0.24200775 0.36820644 0.32120238]\n",
      " [0.24200775 1.         0.23556535 0.09268489]\n",
      " [0.36820644 0.23556535 1.         0.21455126]\n",
      " [0.32120238 0.09268489 0.21455126 1.        ]]\n",
      "\n",
      "'112' 단어를 포함하는 문장들 간의 Cosine 유사도:\n",
      "[[1.         0.18550903 0.08573429 0.1280146 ]\n",
      " [0.18550903 1.         0.0840921  0.31663478]\n",
      " [0.08573429 0.0840921  1.         0.12425863]\n",
      " [0.1280146  0.31663478 0.12425863 1.        ]]\n",
      "\n",
      "'113' 단어를 포함하는 문장들 간의 Cosine 유사도:\n",
      "[[1.         0.48765416 0.52201443 0.17880442]\n",
      " [0.48765416 1.         0.35140923 0.48003138]\n",
      " [0.52201443 0.35140923 1.         0.29120567]\n",
      " [0.17880442 0.48003138 0.29120567 1.        ]]\n",
      "\n",
      "'114' 단어를 포함하는 문장들 간의 Cosine 유사도:\n",
      "[[1.         0.10636795 0.30388942]\n",
      " [0.10636795 1.         0.21853037]\n",
      " [0.30388942 0.21853037 1.        ]]\n",
      "\n",
      "'115' 단어를 포함하는 문장들 간의 Cosine 유사도:\n",
      "[[1.         0.08573429 0.10288398 0.20662716]\n",
      " [0.08573429 1.         0.09986535 0.09366505]\n",
      " [0.10288398 0.09986535 1.         0.11240115]\n",
      " [0.20662716 0.09366505 0.11240115 1.        ]]\n",
      "\n",
      "'116' 단어를 포함하는 문장들 간의 Cosine 유사도:\n",
      "[[1.         0.41823939 0.30112169 0.51268962]\n",
      " [0.41823939 1.         0.61796665 0.49185872]\n",
      " [0.30112169 0.61796665 1.         0.37396077]\n",
      " [0.51268962 0.49185872 0.37396077 1.        ]]\n",
      "\n",
      "'117' 단어를 포함하는 문장들 간의 Cosine 유사도:\n",
      "[[1.         0.10561774 0.58297462 0.48594901]\n",
      " [0.10561774 1.         0.10561774 0.11320873]\n",
      " [0.58297462 0.10561774 1.         0.48594901]\n",
      " [0.48594901 0.11320873 0.48594901 1.        ]]\n",
      "\n",
      "'118' 단어를 포함하는 문장들 간의 Cosine 유사도:\n",
      "[[1.         0.77338094 0.77338094]\n",
      " [0.77338094 1.         0.57007817]\n",
      " [0.77338094 0.57007817 1.        ]]\n",
      "\n",
      "'119' 단어를 포함하는 문장들 간의 Cosine 유사도:\n",
      "[[1.         0.10147127 0.         0.11657882]\n",
      " [0.10147127 1.         0.10147127 0.31345725]\n",
      " [0.         0.10147127 1.         0.11657882]\n",
      " [0.11657882 0.31345725 0.11657882 1.        ]]\n",
      "\n",
      "'120' 단어를 포함하는 문장들 간의 Cosine 유사도:\n",
      "[[1.         0.4272684  0.37410098 0.31743081]\n",
      " [0.4272684  1.         0.75536086 0.46237884]\n",
      " [0.37410098 0.75536086 1.         0.29327219]\n",
      " [0.31743081 0.46237884 0.29327219 1.        ]]\n",
      "\n",
      "'121' 단어를 포함하는 문장들 간의 Cosine 유사도:\n",
      "[[1.         0.11157956 0.17025933 0.26543188]\n",
      " [0.11157956 1.         0.24168807 0.24991173]\n",
      " [0.17025933 0.24168807 1.         0.21656434]\n",
      " [0.26543188 0.24991173 0.21656434 1.        ]]\n",
      "\n",
      "'122' 단어를 포함하는 문장들 간의 Cosine 유사도:\n",
      "[[1.         0.41090682 0.41090682 0.13072685]\n",
      " [0.41090682 1.         0.63096899 0.12776024]\n",
      " [0.41090682 0.63096899 1.         0.12776024]\n",
      " [0.13072685 0.12776024 0.12776024 1.        ]]\n",
      "\n",
      "'123' 단어를 포함하는 문장들 간의 Cosine 유사도:\n",
      "[[1.         0.43918556 0.16751087]\n",
      " [0.43918556 1.         0.28492987]\n",
      " [0.16751087 0.28492987 1.        ]]\n",
      "\n",
      "'124' 단어를 포함하는 문장들 간의 Cosine 유사도:\n",
      "[[1.         0.25350347 0.56335358]\n",
      " [0.25350347 1.         0.40368635]\n",
      " [0.56335358 0.40368635 1.        ]]\n",
      "\n",
      "'125' 단어를 포함하는 문장들 간의 Cosine 유사도:\n",
      "[[1.         0.14273415 0.28974452 0.36080985]\n",
      " [0.14273415 1.         0.14273415 0.1777424 ]\n",
      " [0.28974452 0.14273415 1.         0.36080985]\n",
      " [0.36080985 0.1777424  0.36080985 1.        ]]\n",
      "\n",
      "'126' 단어를 포함하는 문장들 간의 Cosine 유사도:\n",
      "[[1.         0.14902263 0.25830299 0.46831196]\n",
      " [0.14902263 1.         0.04314258 0.13131371]\n",
      " [0.25830299 0.04314258 1.         0.1188881 ]\n",
      " [0.46831196 0.13131371 0.1188881  1.        ]]\n",
      "\n",
      "'127' 단어를 포함하는 문장들 간의 Cosine 유사도:\n",
      "[[1.         0.25819001 0.10890975 0.25326494]\n",
      " [0.25819001 1.         0.13154082 0.30589254]\n",
      " [0.10890975 0.13154082 1.         0.58812173]\n",
      " [0.25326494 0.30589254 0.58812173 1.        ]]\n",
      "\n",
      "'128' 단어를 포함하는 문장들 간의 Cosine 유사도:\n",
      "[[1.         0.82033588 0.35210038 0.21672987]\n",
      " [0.82033588 1.         0.40540035 0.27312621]\n",
      " [0.35210038 0.40540035 1.         0.56053117]\n",
      " [0.21672987 0.27312621 0.56053117 1.        ]]\n",
      "\n",
      "'129' 단어를 포함하는 문장들 간의 Cosine 유사도:\n",
      "[[1.         0.46974008 0.80570148]\n",
      " [0.46974008 1.         0.63170745]\n",
      " [0.80570148 0.63170745 1.        ]]\n",
      "\n",
      "'130' 단어를 포함하는 문장들 간의 Cosine 유사도:\n",
      "[[1.         0.51050304 0.21830397]\n",
      " [0.51050304 1.         0.4327559 ]\n",
      " [0.21830397 0.4327559  1.        ]]\n",
      "\n",
      "'131' 단어를 포함하는 문장들 간의 Cosine 유사도:\n",
      "[[1.         0.32513988 0.09878845]\n",
      " [0.32513988 1.         0.16552437]\n",
      " [0.09878845 0.16552437 1.        ]]\n",
      "\n",
      "'132' 단어를 포함하는 문장들 간의 Cosine 유사도:\n",
      "[[1.         0.13658449 0.21253823]\n",
      " [0.13658449 1.         0.13658449]\n",
      " [0.21253823 0.13658449 1.        ]]\n",
      "\n",
      "'133' 단어를 포함하는 문장들 간의 Cosine 유사도:\n",
      "[[1.         0.48401943 0.4290962 ]\n",
      " [0.48401943 1.         0.64505609]\n",
      " [0.4290962  0.64505609 1.        ]]\n",
      "\n",
      "'134' 단어를 포함하는 문장들 간의 Cosine 유사도:\n",
      "[[1.         0.33565694 0.03402419 0.24189615]\n",
      " [0.33565694 1.         0.03857374 0.72237478]\n",
      " [0.03402419 0.03857374 1.         0.20526548]\n",
      " [0.24189615 0.72237478 0.20526548 1.        ]]\n",
      "\n",
      "'135' 단어를 포함하는 문장들 간의 Cosine 유사도:\n",
      "[[1.         0.05334197 0.06584366]\n",
      " [0.05334197 1.         0.81013059]\n",
      " [0.06584366 0.81013059 1.        ]]\n",
      "\n",
      "'136' 단어를 포함하는 문장들 간의 Cosine 유사도:\n",
      "[[1.         0.80197831]\n",
      " [0.80197831 1.        ]]\n",
      "\n",
      "'137' 단어를 포함하는 문장들 간의 Cosine 유사도:\n",
      "[[1.]]\n",
      "\n",
      "'138' 단어를 포함하는 문장들 간의 Cosine 유사도:\n",
      "[[1.]]\n",
      "\n",
      "'140' 단어를 포함하는 문장들 간의 Cosine 유사도:\n",
      "[[1.]]\n",
      "\n",
      "'141' 단어를 포함하는 문장들 간의 Cosine 유사도:\n",
      "[[1.         0.05447306]\n",
      " [0.05447306 1.        ]]\n",
      "\n",
      "'142' 단어를 포함하는 문장들 간의 Cosine 유사도:\n",
      "[[1.         0.36847993]\n",
      " [0.36847993 1.        ]]\n",
      "\n",
      "'143' 단어를 포함하는 문장들 간의 Cosine 유사도:\n",
      "[[1.]]\n",
      "\n",
      "'144' 단어를 포함하는 문장들 간의 Cosine 유사도:\n",
      "[[1.         0.67187673 0.37585819]\n",
      " [0.67187673 1.         0.15065024]\n",
      " [0.37585819 0.15065024 1.        ]]\n",
      "\n",
      "'145' 단어를 포함하는 문장들 간의 Cosine 유사도:\n",
      "[[1.        0.3253236]\n",
      " [0.3253236 1.       ]]\n",
      "\n",
      "'146' 단어를 포함하는 문장들 간의 Cosine 유사도:\n",
      "[[1.         0.70607777]\n",
      " [0.70607777 1.        ]]\n",
      "\n",
      "'147' 단어를 포함하는 문장들 간의 Cosine 유사도:\n",
      "[[1.         0.20380371]\n",
      " [0.20380371 1.        ]]\n",
      "\n",
      "'148' 단어를 포함하는 문장들 간의 Cosine 유사도:\n",
      "[[1.         0.5839417  0.63395105]\n",
      " [0.5839417  1.         0.4017387 ]\n",
      " [0.63395105 0.4017387  1.        ]]\n",
      "\n",
      "'149' 단어를 포함하는 문장들 간의 Cosine 유사도:\n",
      "[[1.         0.13796238 0.12824803]\n",
      " [0.13796238 1.         0.49110806]\n",
      " [0.12824803 0.49110806 1.        ]]\n",
      "\n",
      "'150' 단어를 포함하는 문장들 간의 Cosine 유사도:\n",
      "[[1.         0.26677048 0.2219638 ]\n",
      " [0.26677048 1.         0.20097215]\n",
      " [0.2219638  0.20097215 1.        ]]\n",
      "\n",
      "'151' 단어를 포함하는 문장들 간의 Cosine 유사도:\n",
      "[[1.         0.11548519 0.0760005  0.20746663]\n",
      " [0.11548519 1.         0.11548519 0.25924308]\n",
      " [0.0760005  0.11548519 1.         0.20746663]\n",
      " [0.20746663 0.25924308 0.20746663 1.        ]]\n",
      "\n",
      "'152' 단어를 포함하는 문장들 간의 Cosine 유사도:\n",
      "[[1.         0.14882773 0.14882773 0.5199623 ]\n",
      " [0.14882773 1.         0.62287819 0.16395359]\n",
      " [0.14882773 0.62287819 1.         0.16395359]\n",
      " [0.5199623  0.16395359 0.16395359 1.        ]]\n",
      "\n",
      "'153' 단어를 포함하는 문장들 간의 Cosine 유사도:\n",
      "[[1.         0.24235403 0.07265636 0.28711116]\n",
      " [0.24235403 1.         0.03982569 0.28462978]\n",
      " [0.07265636 0.03982569 1.         0.19213409]\n",
      " [0.28711116 0.28462978 0.19213409 1.        ]]\n",
      "\n",
      "'154' 단어를 포함하는 문장들 간의 Cosine 유사도:\n",
      "[[1.]]\n",
      "\n",
      "'155' 단어를 포함하는 문장들 간의 Cosine 유사도:\n",
      "[[1.         0.2660501  0.22801451 0.31079362]\n",
      " [0.2660501  1.         0.12819379 0.12201244]\n",
      " [0.22801451 0.12819379 1.         0.21659671]\n",
      " [0.31079362 0.12201244 0.21659671 1.        ]]\n",
      "\n",
      "'156' 단어를 포함하는 문장들 간의 Cosine 유사도:\n",
      "[[1.         0.29556955 0.53100628]\n",
      " [0.29556955 1.         0.53100628]\n",
      " [0.53100628 0.53100628 1.        ]]\n",
      "\n",
      "'157' 단어를 포함하는 문장들 간의 Cosine 유사도:\n",
      "[[1.         0.28825378]\n",
      " [0.28825378 1.        ]]\n",
      "\n",
      "'158' 단어를 포함하는 문장들 간의 Cosine 유사도:\n",
      "[[1.]]\n",
      "\n",
      "'159' 단어를 포함하는 문장들 간의 Cosine 유사도:\n",
      "[[1.         0.19933107 0.20749716 0.20749716]\n",
      " [0.19933107 1.         0.4041726  0.4041726 ]\n",
      " [0.20749716 0.4041726  1.         0.55807819]\n",
      " [0.20749716 0.4041726  0.55807819 1.        ]]\n",
      "\n",
      "'160' 단어를 포함하는 문장들 간의 Cosine 유사도:\n",
      "[[1.         0.38029852 0.81373342 0.67655636]\n",
      " [0.38029852 1.         0.45021782 0.43538572]\n",
      " [0.81373342 0.45021782 1.         0.85698   ]\n",
      " [0.67655636 0.43538572 0.85698    1.        ]]\n",
      "\n",
      "'161' 단어를 포함하는 문장들 간의 Cosine 유사도:\n",
      "[[1.         0.2521415  0.18118888]\n",
      " [0.2521415  1.         0.29329582]\n",
      " [0.18118888 0.29329582 1.        ]]\n",
      "\n",
      "'162' 단어를 포함하는 문장들 간의 Cosine 유사도:\n",
      "[[1.         0.74357327 0.87536213]\n",
      " [0.74357327 1.         0.61348872]\n",
      " [0.87536213 0.61348872 1.        ]]\n",
      "\n",
      "'163' 단어를 포함하는 문장들 간의 Cosine 유사도:\n",
      "[[1.         0.13766165 0.20292294 0.2201249 ]\n",
      " [0.13766165 1.         0.32922651 0.62922252]\n",
      " [0.20292294 0.32922651 1.         0.43896972]\n",
      " [0.2201249  0.62922252 0.43896972 1.        ]]\n",
      "\n",
      "'164' 단어를 포함하는 문장들 간의 Cosine 유사도:\n",
      "[[1.         0.16622217 0.26618034]\n",
      " [0.16622217 1.         0.15316396]\n",
      " [0.26618034 0.15316396 1.        ]]\n",
      "\n",
      "'165' 단어를 포함하는 문장들 간의 Cosine 유사도:\n",
      "[[1.         0.55021784 0.32607991 0.38683608]\n",
      " [0.55021784 1.         0.32607991 0.38683608]\n",
      " [0.32607991 0.32607991 1.         0.19663769]\n",
      " [0.38683608 0.38683608 0.19663769 1.        ]]\n",
      "\n",
      "'166' 단어를 포함하는 문장들 간의 Cosine 유사도:\n",
      "[[1. 0.]\n",
      " [0. 1.]]\n",
      "\n",
      "'167' 단어를 포함하는 문장들 간의 Cosine 유사도:\n",
      "[[1.         0.11302319 0.08849257 0.06677047]\n",
      " [0.11302319 1.         0.21163073 0.09068394]\n",
      " [0.08849257 0.21163073 1.         0.15203604]\n",
      " [0.06677047 0.09068394 0.15203604 1.        ]]\n",
      "\n",
      "'168' 단어를 포함하는 문장들 간의 Cosine 유사도:\n",
      "[[1.         0.09588367 0.19551405]\n",
      " [0.09588367 1.         0.19551405]\n",
      " [0.19551405 0.19551405 1.        ]]\n",
      "\n",
      "'169' 단어를 포함하는 문장들 간의 Cosine 유사도:\n",
      "[[1.         0.29083951 0.52022346]\n",
      " [0.29083951 1.         0.40160688]\n",
      " [0.52022346 0.40160688 1.        ]]\n",
      "\n",
      "'170' 단어를 포함하는 문장들 간의 Cosine 유사도:\n",
      "[[1.         0.52136487 0.56598391 0.52136487]\n",
      " [0.52136487 1.         0.56598391 0.52136487]\n",
      " [0.56598391 0.56598391 1.         0.56598391]\n",
      " [0.52136487 0.52136487 0.56598391 1.        ]]\n",
      "\n",
      "'171' 단어를 포함하는 문장들 간의 Cosine 유사도:\n",
      "[[1.         0.0687477  0.06541667 0.0710431 ]\n",
      " [0.0687477  1.         0.15220273 0.16529356]\n",
      " [0.06541667 0.15220273 1.         0.25997584]\n",
      " [0.0710431  0.16529356 0.25997584 1.        ]]\n",
      "\n",
      "'172' 단어를 포함하는 문장들 간의 Cosine 유사도:\n",
      "[[1.]]\n",
      "\n",
      "'173' 단어를 포함하는 문장들 간의 Cosine 유사도:\n",
      "[[1.         0.24006227 0.36906915]\n",
      " [0.24006227 1.         0.05162043]\n",
      " [0.36906915 0.05162043 1.        ]]\n",
      "\n",
      "'174' 단어를 포함하는 문장들 간의 Cosine 유사도:\n",
      "[[1.         0.50437497]\n",
      " [0.50437497 1.        ]]\n",
      "\n",
      "'175' 단어를 포함하는 문장들 간의 Cosine 유사도:\n",
      "[[1.         0.21885206 0.1197856  0.2046618 ]\n",
      " [0.21885206 1.         0.15468341 0.93516049]\n",
      " [0.1197856  0.15468341 1.         0.2547158 ]\n",
      " [0.2046618  0.93516049 0.2547158  1.        ]]\n",
      "\n",
      "'176' 단어를 포함하는 문장들 간의 Cosine 유사도:\n",
      "[[1.         0.27507619 0.12720849 0.52173745]\n",
      " [0.27507619 1.         0.14421032 0.33570733]\n",
      " [0.12720849 0.14421032 1.         0.21556475]\n",
      " [0.52173745 0.33570733 0.21556475 1.        ]]\n",
      "\n",
      "'177' 단어를 포함하는 문장들 간의 Cosine 유사도:\n",
      "[[1.         0.66941885]\n",
      " [0.66941885 1.        ]]\n",
      "\n",
      "'178' 단어를 포함하는 문장들 간의 Cosine 유사도:\n",
      "[[1.         0.37545663]\n",
      " [0.37545663 1.        ]]\n",
      "\n",
      "'179' 단어를 포함하는 문장들 간의 Cosine 유사도:\n",
      "[[1.         0.22273207 0.28367565 0.24733082]\n",
      " [0.22273207 1.         0.21654219 0.18025588]\n",
      " [0.28367565 0.21654219 1.         0.15309429]\n",
